100		
         -913.084603022717         -6708.72754462825	3	3
         -2363.16892184354         -5377.83133085633	3	1
         -1383.41923727842         -5158.48861356471	1	3
         -1476.12439356729         -4740.87261379858	2	1
         -1128.75814354878         -5942.22256129751	4	3
          -850.10729482867         -7989.70788085256	3	3
         -2557.24032389199         -6082.00793315075	2	3
         -1155.28050918937         -5854.78111626115	4	3
         -1034.05117227423         -7182.04330428245	2	2
         -2384.68093291892         -5487.74194643126	4	1
         -1781.07379346228         -5410.96811634861	1	3
         -1440.65918192559         -5792.60457977775	3	2
         -3401.60637096677         -6029.02506621676	3	1
         -1439.03327447533         -6018.65368238308	1	2
          -2646.0784439835          -5147.5141938826	1	2
         -1641.33329926786         -6210.79529994858	4	3
          77.1088841030603         -7585.85999974055	3	2
         -2238.62384262898         -5991.17144826224	2	2
         -188.482327438755         -7027.21861840139	1	2
         -486.250112818533         -6910.59783418066	4	1
         -1035.97862221152         -5925.29103445118	2	2
         -824.597447006369          -6183.4132035983	1	2
         -311.830814576596         -6063.77157367447	1	2
         -1970.59754106775         -6362.78431874277	2	2
         -2304.99252292744         -5447.58468241031	3	1
         -2943.19649484535         -5722.10078472209	1	3
         -206.346634819088         -5565.35605151934	2	2
          -71.573576035281         -6672.71809603139	1	2
         -394.134782327453         -6515.13008044341	1	3
         -1219.43525352054         -4239.54617086367	4	1
         -1120.74285937372         -4959.80983799819	2	3
         -1053.80777940951         -6139.03532185642	3	2
         -1413.08059112799         -6546.23359719498	1	3
         -668.359058112159         -7820.90122985191	1	2
         -635.631978560446         -7639.50704708699	2	3
         -39.6354379677203         -6870.65624881035	4	2
         -1060.92207249908         -6485.41479912739	2	2
         -513.702277914617         -6839.27591789697	4	3
         -2011.83837607231          -4670.8181081505	2	3
         -2172.22993548897         -4810.48443874151	2	1
          -667.81202567098         -4161.31583784257	1	2
         -745.881990418612          -6508.1704417749	3	1
         -1169.68819731065         -7233.43703633666	3	2
         -1582.02781970102         -5742.33880793839	2	2
         -1811.16626803005         -5108.08742041531	4	2
         -1104.55854172417         -5307.73833108259	2	1
         -468.110155285495         -4397.34742043498	2	3
         -1288.99333890131         -5387.40713270213	2	3
          -3129.6161932354         -5728.09310240011	1	1
         -1262.77313599591         -6750.52448557808	4	2
         -715.245873706653         -5420.55108748774	4	1
         -2994.40382058767         -5876.11222995509	4	1
         -852.099016978654         -5107.64001193111	1	2
         -680.959218354225         -4311.00116520027	3	1
         -1674.90583480403         -5560.59390004536	2	3
         -2453.94494694523         -4751.64355614049	3	1
         -912.251522462044         -7627.00711407463	2	3
         -3105.40420491927         -5875.84890358963	2	1
         -1039.66453955847         -6731.97953437851	4	2
         -641.950372838971         -7546.57650858803	4	1
         -1457.70840445683         -6406.32284489842	4	2
          27.7953285791272         -7014.08723899648	3	2
         -1065.49301685256         -5695.87344115967	3	2
          -2066.1212687157         -5992.50325766796	1	2
          303.176946811922         -6957.45425974907	1	1
         -817.412181907381         -5649.56595499003	4	2
         -866.739403313379         -6221.33859968481	2	3
         -3035.30418788407         -5671.33091896533	1	2
         -3245.89942298601         -5684.74275994782	3	1
         -332.147660972974         -6935.26964791704	1	2
         -561.314905922279          -5476.2727724778	1	2
         -438.999923872789         -6617.54631733615	1	2
         -736.444232925573          -5818.9520627652	4	1
         -1027.71416472972         -6807.76631333689	4	2
          -479.65377921898         -6669.29750532344	4	2
         -2672.64776442772         -5336.70078308284	3	3
         -108.993079242184          -6648.6218262439	1	1
         -983.327153675868         -6341.00033439023	4	2
         -1643.69397422107         -6234.73204118071	1	3
         -1902.51984744304         -6261.12278662434	3	3
         -663.053637647839         -5315.23373280779	1	1
         -1441.66275579027         -4627.07560566767	1	2
         -1670.28642100295         -5561.76521962098	1	1
         -303.208982174234         -5713.83845039994	1	2
         -2204.71727332581         -4665.88247928684	3	2
         -2957.79257578392         -5429.28863105579	1	1
          163.056228993763         -5593.50305639479	1	3
         -1264.07494461762         -6370.62234650564	3	3
         -888.335197473041         -7599.12820570547	1	2
         -2550.54327304896         -6108.14947695005	3	1
         -236.905124907706          -6755.5456079996	1	1
         -392.896638119728          -6665.3734789983	1	1
         -413.036860866871         -5941.88130655689	1	3
         -562.315594479733         -7820.40208763329	1	2
         -1412.14179331781         -6473.56025364555	1	2
         -2337.80168796625         -5256.32923102231	1	3
          -302.48706454971         -6386.01132223047	1	3
          41.5141698567597         -7099.54800357663	1	3
           30.759687413966         -7686.54134416374	1	3
         -1938.71111514929         -4869.74255926745	1	3

Tipo sanguineo doadores:
A
AB
A
O
AB
O
O
B
B
A
AB
A
O
AB
A
O
O
O
AB
B
A
AB
B
O
O
O
B
B
AB
A
A
O
B
B
B
O
A
AB
AB
A
AB
B
B
B
B
AB
B
O
AB
O
A
B
A
O
A
AB
B
B
AB
B
O
AB
A
A
A
A
A
B
A
O
O
A
A
A
O
A
B
AB
O
A
B
O
O
B
O
AB
O
A
O
AB
B
B
AB
B
AB
AB
AB
AB
AB
AB
