27
-1108.16218963393	-7545.09127251323	 16454
-1074.96972566604	-3974.25812576662	 19271
227.761569000389	-5647.37249341584	 16420
-346.508521477867	-6674.15400730671	 10569
-1440.78368791808	-4280.54288328516	 18088
-415.804754983049	-4278.38136510611	 12084
-1756.88706865426	-5325.06721564606	 15044
-2260.86995644108	-4489.79483360137	 14164
-1855.7682691222	-5480.71020151318	 17693
-280.696803388945	-4925.31522744298	 14879
-1737.91043127817	-6469.0436232283	 11925
-2274.55138021542	-6073.07404164996	 17039
-2215.35798416039	-4887.78293668308	 16798
-161.448250597374	-5389.80212206536	 16343
-803.58705411255	-3991.73062936999	 24102
-2828.16056376371	-5481.05568415026	 14736
-896.9871230614		-3879.5824286193	 23003
-566.491226994983	-4758.95538574079	 24282
-2542.72396543161	-4809.02990825156	 21015
-642.765831706524	-3913.65922583879	 19706
-3339.28616885847	-5695.56137236057	 23089
-971.432571229638	-7104.26410079751	 12320
314.962743178659	-6748.26842817833	 17579
-2925.47725161376	-5431.45740951031	 14724
-2623.817647069		-5186.76963758116	 20097
-1214.71061387879	-4120.02466705424	 16968
-1133.75347961132	-5374.70985706175	 12644