ctsR60_16.txt 50 6839094  8196701  8196701  8196701  2.98
ctsR60_16.txt 50 6839094  8196701  8196701  8196701  3.37
ctsR60_16.txt 50 6839094  8196701  8196701  8196701  1.00
ctsR60_16.txt 50 6839094  8196701  8196701  8196701  12.87
ctsR60_16.txt 50 6839094  8196701  8196701  8196701  2.64
ctsR60_16.txt 50 6839094  8196701  8196701  8196701  4.16
ctsR60_16.txt 50 6839094  8196701  8196701  8196701  2.19
ctsR60_16.txt 50 6839094  8196701  8196701  8196701  5.13
ctsR60_16.txt 50 6839094  8196701  8196701  8196701  11.43
ctsR60_16.txt 20 66632650  73342901  73343374  73343374  38.05
ctsR60_16.txt 30 66632650  73848363  73850145  73850145  171.68
ctsR60_16.txt 50 6839094  0  8196701  8196701  0.10
ctsR60_16.txt 50 6839094  0  8196701  8196701  0.12
ctsR60_16.txt 50 6839094  0  8196701  8196701  0.12
ctsR60_16.txt 50 6839094  0  8196701  8196701  0.10
ctsR60_16.txt 50 6839094  0  8196701  8196701  0.10
ctsR60_16.txt 50 6839094  0  8196701  8196701  0.11
ctsR60_16.txt 50 6839094  0  8196701  8196701  0.12
ctsR60_16.txt 50 6839094  0  8196701  8196701  0.10
ctsR60_16.txt 50 6839094  0  8196701  8196701  0.10
ctsR60_16.txt 50 6839094  0  8196701  8196701  0.11
ctsR60_16.txt 50 6839094  0  8196701  8196701  0.11
ctsR60_16.txt 50 6839094  0  8196701  8196701  0.11
ctsR60_16.txt 50 6839094  8196701  8196701  8196701  2.78
ctsR60_16.txt 50 6839094  8196701  8196701  8196701  2.87
ctsR60_16.txt 100 7008582  8196701  8196701  8196701  6.31
ctsR60_16.txt 100 7008582  8196701  8196701  8196701  6.70
ctsR60_16.txt 50 6839094  8196701  8196701  8196701  2.88
ctsR60_16.txt 50 6839094  8196701  8196701  8196701  3.10
ctsR60_16.txt 50 6839094  8196701  8196701  8196701  0.92
ctsR60_16.txt 100 7008582  8196701  8196701  8196701  2.91
ctsR60_16.txt 100 7008582  8196701  8196701  8196701  6.45
ctsR60_16.txt 100 7008582  8196701  8196701  8196701  5.92
